11.731277502710537
11.759632088599123
11.74991063404146
11.629349277887844
11.731277502710537
11.631321716955679
11.731277502710542
11.731277502710537
11.731277502710537
11.731277502710537
12.027873595006572
12.382767323670008
11.748591289110113
11.737688888782573
11.965707989387061
11.731277502710535
11.805859841612683
11.731277502710537
11.731277502710537
11.731277502710537
11.731277502710537
12.545357047545174
11.731277502710537
11.731277502710537
11.731277502710537
13.965616753013192
13.970545928416623
14.150470898534666
14.01675728087362
14.24103251256904
14.018606630829789
14.018606630829787
14.124062934147842
14.018606630829787
13.580880988544545
13.259574553297467
13.954751922734864
14.018606630829787
13.521699412076538
14.018606630829785
13.924907591124473
14.018606630829787
14.018606630829787
14.018606630829787
14.018606630829787
13.002566075510638
14.018606630829787
14.018606630829787
14.018606630829787
14.018606630829787
10.808817385495434
10.681840170145511
10.808817385495434
10.815037771400691
10.913569764595788
10.808817385495434
11.130373634235164
10.808817385495434
10.808817385495434
11.242976375360447
10.2361968607445
10.808817385495434
10.808817385495434
10.808817385495434
10.332729687787994
10.808817385495434
10.808817385495434
11.070360423180247
10.808817385495434
10.808817385495434
10.758683695655867
12.290697273958443
10.808817385495434
10.808817385495434
10.808817385495434
11.866863775637258
11.80470364135267
11.701130763273467
11.78172666900995
11.856399699934496
11.77358845934398
11.80470364135267
11.80470364135267
11.70538752153507
12.090604193982651
11.80470364135267
11.815950478486547
11.80470364135267
12.258759501690461
11.80470364135267
11.80470364135267
11.760831494960238
11.80470364135267
11.80470364135267
11.820120448571425
10.502613221114224
11.80470364135267
11.80470364135267
11.80470364135267
11.80470364135267
12.404569740205883
12.404569740205883
12.404569740205883
12.404569740205883
12.392337636851362
12.404569740205883
12.404569740205888
12.404569740205883
12.426433255509599
12.370145188271072
12.404569740205883
11.683423542422581
12.223995279270413
12.404569740205883
13.477445906282897
12.404569740205883
12.48499253461765
12.404569740205883
12.523461412364194
12.501563481776799
12.404569740205883
10.2033774946216
12.404569740205883
12.404569740205883
12.404569740205883
10.553298321029695
10.553298321029695
10.553298321029695
10.646567378890662
10.553298321029695
10.397505460257948
10.553298321029695
10.553298321029695
10.619543384876351
10.553298321029695
11.371667182055601
10.813539502756386
10.553298321029695
9.290369910761047
10.553298321029693
10.394867669998336
10.553298321029695
10.483185479526478
10.553298321029695
10.553298321029695
12.649601752662917
10.553298321029695
10.553298321029695
10.553298321029695
10.553298321029695
12.083317728286922
12.075227461320411
12.083317728286922
12.083317728286922
12.110350390206234
12.275519546021263
12.07648133729136
12.083317728286922
12.083317728286922
12.083317728286922
12.083317728286922
12.083317728286922
12.349343492215787
12.083317728286927
10.886150096512008
12.083317728286922
12.093402091185693
12.014494694697518
11.631269522505757
11.897141204972657
12.083317728286922
13.106423856396168
12.083317728286922
12.083317728286922
12.083317728286922
11.626651678249997
11.623999302777737
11.623999302777737
11.615592253642397
11.489978653690711
11.675653748543613
11.623999302777737
11.623999302777737
11.623999302777737
11.623999302777737
11.623999302777737
11.369604478114848
11.623999302777737
12.812349809105033
11.623999302777737
11.616952849302962
11.71031116158384
12.012654058184632
11.770085191098396
11.623999302777737
10.461807937769313
11.623999302777737
11.623999302777737
11.623999302777737
11.623999302777737
12.820676482788674
12.830781278250594
12.709385872055659
12.887660703103275
12.825095317714093
12.832951023931622
12.820676482788674
12.820676482788674
12.820676482788674
12.820676482788674
12.820676482788674
12.820676482788674
12.972731744621177
12.820676482788674
11.994909669029457
12.820676482788674
12.745835076345116
12.698307595623339
12.820676482788674
13.404634035680752
12.766131308416737
11.518593146438748
12.820676482788674
12.820676482788674
12.820676482788674
11.087382549466069
11.15107958703472
11.071211998944372
11.087382549466074
11.07850290915729
11.13260846519718
11.087382549466069
11.08919845214481
11.087382549466069
11.087382549466069
11.087382549466069
10.94079607726724
11.087382549466069
11.917767837065762
11.087382549466069
11.087382549466069
11.247312279906737
11.087382549466069
10.68368887932927
11.108720853606831
12.372208049265268
11.087382549466069
11.087382549466069
11.087382549466069
11.087382549466069
10.690583223818207
10.690583223818207
10.690583223818207
10.690583223818207
10.690583223818207
10.690583223818207
10.918057929380085
10.690583223818207
10.690583223818207
10.680229159846121
10.919684208924863
10.690583223818207
10.690583223818207
10.690583223818207
11.520286027797617
10.690583223818207
10.565725081884587
10.690583223818207
10.690583223818207
10.690583223818207
11.056730837914104
12.579416948171204
10.690583223818207
10.690583223818207
10.690583223818207
13.691500742761447
13.691500742761447
13.691500742761447
13.691500742761447
13.691500742761447
13.691500742761441
13.691500742761447
13.691500742761447
13.705606152725915
13.440405128410914
13.691500742761447
13.691500742761447
13.691500742761447
12.838255350771254
13.691500742761447
13.818004954103856
13.659717134895642
13.691500742761447
13.691500742761447
13.42468095628059
11.787803546631928
13.691500742761447
13.691500742761447
13.691500742761447
13.691500742761447
14.059764739621492
14.011542529804515
14.059764739621492
13.998858849977529
14.101606857380773
13.947619105858895
14.059764739621503
13.504462312947508
14.059764739621492
14.059764739621492
14.059764739621492
14.42695075165052
14.059764739621492
14.0597647396215
13.916052592460264
14.059764739621492
13.995892673005295
14.13295148284633
14.021441607153289
14.059764739621492
13.838309795871087
14.246058264526875
14.059764739621492
14.059764739621492
14.059764739621492
14.121354926928985
14.071980899496268
14.134841869186857
14.029793876476871
14.173618935555217
13.767915485380113
14.071980899496262
14.071980899496268
14.071980899496268
14.071980899496268
13.73264377831902
14.071980899496268
14.071980899496266
14.216877668233856
14.071980899496268
14.08271399368036
13.998190876751641
14.109639077523298
14.071980899496268
14.304367604265922
13.884151754022286
14.071980899496268
14.071980899496268
14.071980899496268
14.071980899496268
11.293077192834392
11.337926517485126
11.293077192834392
11.293077192834392
11.263697965392534
11.293077192834392
11.218732325111828
11.293077192834392
11.293077192834392
11.315391315908535
11.19917289032948
11.04760818534701
11.167166209047515
11.293077192834392
12.789127641834327
11.33150405729917
11.253651474153685
11.293077192834392
11.293077192834392
10.794110904392847
11.301451256823576
11.514824563142332
11.293077192834392
11.293077192834392
11.293077192834392
11.680703065531278
11.738903641305011
11.738903641305011
11.771840190115565
11.738903641305011
11.738903641305004
11.738903641305011
11.738903641305011
11.725991458625908
11.855597546428015
12.091807123975075
11.844178660618235
11.738903641305011
10.505271182639033
11.738903641305011
11.802921091987855
11.738903641305011
11.738903641305011
12.284387376188189
11.723983142036321
11.552186079544773
11.738903641305011
11.738903641305011
11.738903641305011
11.738903641305011
10.123984406682698
10.229856723320202
10.123984406682698
10.127892536527924
10.015699551020823
10.123984406682698
10.627345700696663
10.123984406682698
10.123984406682698
10.228910293647669
10.123984406682698
9.997465578365274
10.15802594335235
10.123984406682698
9.278670073118457
10.056238218271357
9.800975139467315
9.763122700463663
9.987225357344256
10.123984406682698
9.665725080616545
13.1494304695081
10.123984406682698
10.123984406682698
10.123984406682698
11.568177782877576
11.628205041786618
11.53881740255729
11.65535474714931
11.628205041786618
11.628205041786616
11.628205041786618
11.628205041786618
11.541509846761786
11.628205041786618
12.087310593813013
11.589734247307803
11.628205041786618
12.079689481414059
11.628205041786627
12.028456621238176
11.711169503218914
11.730464338286763
11.628205041786618
11.815732563337171
8.418931578384223
11.628205041786618
11.628205041786618
11.628205041786618
11.628205041786618
12.797611258418407
12.797611258418407
12.797611258418407
12.770585818541448
12.797111747454542
12.695535702056981
12.797611258418412
12.797611258418407
12.780344788083934
12.797611258418407
12.456751001399471
13.03795891516156
12.797611258418407
12.670447676354975
12.797611258418407
12.79761125841841
12.957242803457806
12.861122648471815
12.797611258418407
12.826497293446366
12.814821901631708
12.470850437452382
12.797611258418407
12.797611258418407
12.797611258418407
12.420829540094333
12.420829540094333
12.448477908241376
12.420829540094333
12.483520931227574
12.420829540094337
12.420829540094333
12.420829540094333
12.420829540094333
12.815586067636106
12.22300135159774
12.420829540094333
12.434847035976228
12.420829540094333
12.420829540094333
12.114874411774743
12.349678893955675
12.420829540094333
12.418425009286743
12.409861792401765
12.787340899815426
12.420829540094333
12.420829540094333
12.420829540094333
12.420829540094333
11.742174030480692
11.696625373959018
11.677121368726908
11.742174030480692
11.78116594799651
11.82226992863104
11.727415757371212
11.742174030480692
11.742174030480692
11.627659524764908
11.742174030480692
11.742174030480692
11.742174030480692
11.742174030480692
11.250335266427973
11.742174030480692
11.55110984032893
11.742174030480692
11.742174030480692
12.543955851735019
11.683261143701406
11.337110099721185
11.742174030480692
11.742174030480692
11.742174030480692
11.295440943725039
11.30110711485392
11.26368640215513
11.235149912979352
11.26368640215513
11.289550204739761
11.26368640215513
11.187177835478645
11.376937585009545
11.26368640215513
11.26368640215513
11.26368640215513
11.263686402155138
11.774865524643793
11.26368640215513
11.26368640215513
11.296173348191441
11.26368640215513
10.437374384716106
11.315907064623513
11.630645421079809
11.26368640215513
11.26368640215513
11.26368640215513
11.26368640215513
13.659940930941247
13.68518245765199
13.659940930941247
13.659940930941247
13.65994093094124
13.659940930941236
13.659940930941243
13.659940930941247
13.659940930941247
13.659940930941247
13.97225398233061
13.659940930941247
13.448546773251655
13.659940930941247
13.659940930941247
13.659940930941247
13.891439429744848
13.659940930941247
13.659940930941247
13.095053567767119
13.894323995953236
13.288207308476336
13.659940930941247
13.659940930941247
13.659940930941247
12.982054565406136
13.001531259261782
13.001531259261782
13.03440597081339
13.15144046608814
13.001531259261794
13.001531259261782
13.001531259261782
13.001531259261782
12.756659212712007
13.001531259261782
13.228571505094214
13.001531259261782
13.001531259261782
13.001531259261782
12.967992278237201
13.001531259261782
13.001531259261782
13.61217917130739
12.811422187224084
13.36799251490089
13.001531259261782
13.001531259261782
13.001531259261782
13.001531259261782
11.626840214349615
11.626840214349615
11.626840214349615
11.626840214349615
11.626840214349615
11.626840214349615
11.626840214349624
11.626840214349615
11.626840214349615
11.626840214349615
11.626840214349615
11.626840214349615
11.626840214349615
11.610709794554372
11.626840214349615
11.626840214349615
11.773098911704778
11.626840214349615
11.626840214349615
12.019265659037709
11.626840214349615
11.248340846567842
11.626840214349615
11.626840214349615
11.626840214349615
11.82167564914271
11.82167564914271
11.82167564914271
11.82167564914271
11.82167564914271
11.673167358787651
11.82167564914271
11.82167564914271
11.82167564914271
11.82167564914271
11.82167564914271
11.82167564914271
11.82167564914271
11.82167564914271
11.82167564914271
11.598406669210725
11.82167564914271
11.82167564914271
11.417964240454106
11.82167564914271
12.29735773009856
11.82167564914271
11.82167564914271
11.82167564914271
11.82167564914271
12.364388833410175
12.291317896459097
12.364388833410175
12.403800175920459
12.373243480344247
12.231569129399112
12.36438883341018
12.364388833410175
12.36438883341018
12.320220345601227
12.409536695195674
11.612876945928246
12.364388833410175
12.364388833410175
13.255856677393576
12.364388833410175
12.24380932547459
12.391747397392114
12.364388833410175
12.364388833410175
12.451439784762504
12.03481587075457
12.364388833410175
12.364388833410175
12.364388833410175
12.089626279024975
12.019921232850091
11.983038257847413
12.011310085398298
12.019921232850091
12.019921232850091
12.019921232850091
12.019921232850091
12.031416833717973
11.989876076678238
12.732843257053586
12.019921232850091
12.019921232850091
11.152968421491556
12.019921232850091
12.147250881896285
11.96910093633289
12.019921232850091
12.019921232850091
11.942004930431711
12.340431062173073
12.019921232850091
12.019921232850091
12.019921232850091
12.019921232850091
12.016577778914407
12.016577778914407
12.079182844237197
12.016577778914407
11.993645511223436
12.016577778914407
12.016577778914405
12.016577778914407
12.016577778914407
12.047700981032671
12.438494409914965
11.953865668769916
11.930788802766392
12.016577778914407
12.016577778914407
12.016577778914414
12.304824036429572
12.14515539103623
12.016577778914407
12.016577778914407
12.016577778914407
13.209248052400836
12.016577778914407
12.016577778914407
12.016577778914407
13.995422976767674
13.90862234529118
13.995422976767674
14.027810655555554
13.917975418787364
13.995422976767676
13.995422976767674
13.995422976767674
13.979529883249416
13.54594107313748
14.23140874375918
14.130209684060983
13.995422976767674
13.995422976767674
13.994628737436251
13.586336675514268
13.844338699125723
13.995422976767674
13.995422976767674
13.995422976767674
12.84130366161616
13.995422976767674
13.995422976767674
13.995422976767674
13.995422976767674
12.877748038401878
12.902615867232548
12.877748038401878
12.78148725640781
12.906653633801948
12.877748038401878
12.87774803840187
12.877748038401878
12.877748038401878
12.877748038401878
12.6990504062943
13.501234525406083
13.034483581766722
12.877748038401878
12.409546847241325
12.877748038401878
12.617495101228148
12.826832732734129
12.877748038401878
12.764701960534293
12.973789308766284
11.24676146325186
12.877748038401878
12.877748038401878
12.877748038401878
11.00924268037224
11.043402221109687
11.093431186919991
10.980823652377412
11.043402221109687
11.005375605317045
11.043402221109687
11.043402221109687
11.043402221109687
11.169343704359347
10.586113270058238
10.936551171449922
11.043402221109687
11.49316045603159
11.043402221109687
11.24055405148515
11.062750898813722
11.043402221109687
11.048568775630509
10.901352543859446
12.632980208272711
11.043402221109687
11.043402221109687
11.043402221109687
11.043402221109687
10.96707499734302
10.960083273886292
10.96707499734302
10.919959682424206
11.003902803856914
11.036337957639551
10.965987395916418
10.96707499734302
10.96707499734302
10.96707499734302
11.073404456177732
11.716515306930367
11.052925004710735
10.96707499734302
10.96707499734302
10.96707499734302
11.109255728946566
10.96707499734302
10.9092462669347
10.262723595455029
10.78911583013222
12.667063637715293
10.96707499734302
10.96707499734302
10.96707499734302
13.079287904006334
13.076504352937448
13.14809660054443
13.067380491084716
13.015420871385588
13.076504352937443
13.076504352937448
13.076504352937448
13.076504352937448
12.927724213861685
12.369744192883184
13.014647662834522
13.076504352937448
13.076504352937448
13.076504352937448
13.042440959905734
13.076504352937448
13.192486155209188
13.55898653944576
13.19614211036043
11.242034954135727
13.076504352937448
13.076504352937448
13.076504352937448
13.076504352937448
13.220905585265193
13.220905585265193
13.220905585265193
13.220905585265193
13.230194185619867
13.278655541216006
13.220905585265195
13.237415029328563
13.220905585265193
13.220905585265193
13.220905585265193
12.893825166152922
13.220905585265193
13.220905585265195
13.430607546896661
13.220905585265193
12.779506935184015
13.01512401956052
13.220905585265193
13.220905585265193
13.371511702880662
12.078716272023671
13.220905585265193
13.220905585265193
13.220905585265193
11.700826760373012
11.700826760373012
11.700826760373012
11.6922642417224
11.700826760373012
11.70082676037301
11.676206823041436
11.700826760373012
11.700826760373012
11.700826760373012
11.965533608103083
11.700826760373012
11.68225044891514
11.50751701628028
11.700826760373012
12.131679051377143
11.802474290544417
11.700826760373012
11.700826760373012
11.59577176913373
12.688273820560266
11.700826760373012
11.700826760373012
11.700826760373012
11.700826760373012
12.92826633123167
12.92183381588802
12.765386588618036
12.92826633123167
12.932046764736162
12.92826633123167
12.92826633123167
12.92826633123167
12.921240306986899
12.902133977052788
12.92826633123167
12.92826633123167
12.92826633123167
12.92826633123167
12.92826633123167
12.928266331231676
13.397712653101925
12.92826633123167
12.92826633123167
12.92826633123167
12.92826633123167
11.694645204918041
12.92826633123167
12.92826633123167
12.92826633123167
11.79873730318813
11.923486894620082
11.79873730318813
11.791868347246938
11.79873730318813
11.799741628098136
11.79873730318813
11.79873730318813
11.843849836560068
11.79873730318813
11.79873730318813
11.79873730318813
11.79873730318813
11.79873730318813
11.852083428576764
11.53246877143777
11.79873730318813
11.79873730318813
11.79873730318813
11.79873730318813
13.151436892034582
11.79873730318813
11.79873730318813
11.79873730318813
11.79873730318813
12.738316170812576
12.739682063228356
12.738316170812576
12.746060834657747
12.718106084055435
12.746847442548598
12.738316170812576
12.738316170812576
12.738316170812576
12.738316170812576
12.638177915565043
12.743888777762582
12.738316170812576
12.738316170812576
12.928934760144342
12.738316170812576
12.597325620998769
12.758351157799684
13.164362801484504
12.738316170812576
12.738316170812576
11.697916768651675
12.738316170812576
12.738316170812576
12.738316170812576
12.17873961458794
12.17873961458794
12.17531279306683
12.182381508118374
12.17873961458794
12.178739614587936
12.17873961458794
12.17873961458794
12.17873961458794
12.272769097955177
12.17873961458794
12.17873961458794
12.17873961458794
11.973374718219134
12.17873961458794
12.30454873994316
12.151758490653613
11.716239936203507
12.17873961458794
12.17873961458794
13.227765706788762
12.17873961458794
12.17873961458794
12.17873961458794
12.17873961458794
11.218987679549189
11.22762675384046
11.305308573456085
11.218987679549189
11.218987679549189
11.212556014513599
11.21741537887499
11.218987679549189
11.218987679549189
11.345697906536037
11.218987679549189
10.905963985080941
11.218987679549189
11.216117598065056
10.58867377957069
11.256329820561499
11.218987679549189
11.47194755432776
11.218987679549189
11.008910459806
11.218987679549189
11.712348748262194
11.218987679549189
11.218987679549189
11.218987679549189
10.788379604885451
10.702445310310612
10.804239390907107
10.804239390907107
10.83308756931247
10.804239390907107
10.804239390907107
10.804239390907107
10.789765075208594
10.804239390907107
11.288689011759894
10.804239390907107
10.804239390907107
11.265311090913638
10.804239390907103
10.827587067896573
10.730031411915382
10.804239390907107
10.98271024442548
10.804239390907107
10.319879760088666
10.804239390907107
10.804239390907107
10.804239390907107
10.804239390907107
12.800748495387852
12.800748495387852
12.800748495387852
12.800748495387852
12.800748495387852
12.800748495387852
12.80074849538785
12.800748495387852
12.800748495387852
12.793376290140847
12.837599910482181
12.800748495387852
12.651859489609054
12.800748495387852
12.800748495387852
12.800748495387852
13.25816480077506
12.800748495387852
12.800748495387852
12.800748495387852
13.027998888784065
13.212255960796645
12.800748495387852
12.800748495387852
12.800748495387852
13.586362531148533
13.586362531148533
13.586362531148533
13.619589269015535
13.681615433422179
13.586362531148529
13.586362531148533
13.586362531148533
13.593709393165279
13.551955147728838
13.586362531148533
13.773148146975306
13.586362531148533
13.586362531148533
13.586362531148533
13.284919405866777
13.586362531148533
13.586362531148533
13.586362531148533
13.386664776122625
13.17954582441278
13.586362531148533
13.586362531148533
13.586362531148533
13.586362531148533
11.11381180885006
11.11381180885006
11.11381180885006
11.06782294957108
11.086112229468227
10.998826553609435
11.113530594845463
11.11381180885006
11.11381180885006
11.11381180885006
11.11381180885006
11.324947401473448
11.11381180885006
11.11381180885006
11.931247119923004
11.11381180885006
10.778634627571611
11.035655890568005
11.11381180885006
11.600514848367816
11.11381180885006
12.75604923796376
11.11381180885006
11.11381180885006
11.11381180885006
14.119303723383359
14.119303723383359
14.177152148714676
14.150021081199101
14.119303723383359
14.119303723383362
14.119303723383359
14.120551128780138
14.119303723383359
14.097652636111967
13.633275120703185
14.119303723383359
14.119303723383359
13.193105214553723
14.119303723383359
14.378606208306271
14.214199641101965
14.119303723383359
13.461736028504186
14.119303723383359
12.30619998204534
14.119303723383359
14.119303723383359
14.119303723383359
14.119303723383359
13.88077545615139
13.940765700234978
13.88077545615139
13.88077545615139
13.93240640408695
13.946415127849109
13.88077545615139
13.88077545615139
13.88077545615139
13.88077545615139
13.88077545615139
13.880322551208057
14.135148356586159
13.885525002817525
13.88077545615139
13.88077545615139
13.906225850724258
13.900894071398273
13.88077545615139
13.88077545615139
13.736478897606432
12.711786923326274
13.88077545615139
13.88077545615139
13.88077545615139
13.06167882672304
13.126676439789046
13.126676439789046
13.071664525468098
12.935459595869508
13.126676439789051
13.126676439789046
13.126676439789046
13.126676439789046
13.126676439789046
13.126676439789046
12.874340303668259
13.12667643978905
13.126676439789046
13.126676439789046
12.97750158981633
13.115079976176789
13.126676439789046
13.126676439789046
13.280113428623379
14.297243391153398
13.126676439789046
13.126676439789046
13.126676439789046
13.126676439789046
12.748664082412034
12.841574603966837
12.748664082412034
12.748664082412034
12.775713490531373
12.650944787705777
12.730749547184427
12.748664082412034
12.748664082412034
12.748664082412034
12.748664082412034
12.452129578006186
12.748664082412034
12.748664082412034
13.069246412302288
12.748664082412036
12.40975899881981
12.748664082412034
12.594475115496415
12.748664082412034
12.789379866615858
12.408222668596677
12.748664082412034
12.748664082412034
12.748664082412034
11.940503415681947
12.018407825069158
12.018407825069158
12.018407825069158
12.018407825069158
12.01840782506916
12.018407825069158
12.018407825069158
12.018407825069158
12.018407825069158
12.335802318027051
12.018407825069158
12.018407825069158
11.729235002824282
12.018407825069152
12.33743244332533
12.018407825069158
12.169545089884917
12.018407825069158
11.996456906445617
12.325494009375454
12.018407825069158
12.018407825069158
12.018407825069158
12.018407825069158
10.099000273443094
10.099000273443094
10.099000273443094
10.099000273443094
9.897907421427309
10.294476499687317
10.175426903877877
10.099000273443094
10.179059623285058
10.099000273443094
10.369407672737143
10.099000273443094
10.021673070331381
10.099000273443094
10.099000273443094
10.099000273443094
10.251983971349901
10.099000273443094
10.099000273443094
11.058615284511822
10.099000273443094
13.031428647906177
10.099000273443094
10.099000273443094
10.099000273443094
14.30184777588945
14.272774343636648
14.286839968426092
14.315483331787242
14.104687315310324
14.27277434363665
14.272774343636648
14.272774343636657
14.263318046359492
14.109141216022708
14.21046358334553
14.41112543513905
14.272774343636648
14.272774343636648
14.272774343636648
14.146180056931085
14.266486619263185
14.272774343636648
13.470933521936601
14.314389624497021
11.439968661919663
14.272774343636648
14.272774343636648
14.272774343636648
14.272774343636648
11.721218561172904
11.721218561172904
11.721218561172904
11.73994709284984
11.710568486263181
11.642522999415034
11.721218561172902
11.721218561172904
11.721218561172904
11.679853849098198
11.410327668561026
12.320488421963786
11.802008305894454
11.721218561172904
12.008135811902351
11.721218561172904
11.601955298045926
11.744493559367324
11.721218561172904
11.721218561172904
11.885390798263426
11.416527675718617
11.721218561172904
11.721218561172904
11.721218561172904
12.092393970464537
12.092393970464537
12.06843729455138
12.103964979347138
12.166118517945911
12.092393970464538
12.092393970464537
12.092393970464537
12.141903865747345
12.466810212095595
11.443914243536252
12.00087307051756
12.092393970464537
11.78066639249843
12.092393970464537
12.11063171967985
12.067106335106715
12.092393970464537
12.092393970464537
11.91346153916923
12.423432106057753
12.092393970464537
12.092393970464537
12.092393970464537
12.092393970464537
12.1940580312905
12.139814604091834
12.1940580312905
12.0452797167131
12.1940580312905
12.1940580312905
12.194058031290494
12.1940580312905
12.186442702633029
12.1940580312905
12.1940580312905
12.1940580312905
12.1940580312905
12.160523991120115
12.1940580312905
12.1940580312905
12.650414131377714
12.1940580312905
12.1940580312905
11.461711380428815
12.004705497235772
11.803505355860022
12.1940580312905
12.1940580312905
12.1940580312905
11.046403233615374
10.980909505024497
10.98613987400556
11.006359676196917
10.980909505024497
11.068521566973118
10.980909505024497
10.980909505024497
10.980909505024497
10.980909505024497
10.980909505024497
10.980909505024497
10.980909505024497
10.980909505024497
10.980909505024497
10.527439896635725
10.980909505024497
10.980909505024497
11.712233247405575
11.193698343444668
11.445015833486561
10.980909505024497
10.980909505024497
10.980909505024497
10.980909505024497
12.567530263827784
12.520421604831165
12.694646230526315
12.567530263827784
12.56434000503656
12.567530263827784
12.56753026382778
12.567530263827784
12.567530263827784
12.567530263827784
12.738299152375786
12.976858654001797
12.376519800299683
12.567530263827784
12.567530263827784
12.567530263827784
12.996403407886618
12.567530263827784
12.567530263827784
12.567530263827784
12.311291419145423
12.226012057781825
12.567530263827784
12.567530263827784
12.567530263827784
12.643402989096518
12.445702133573928
12.593208457348943
12.605840747868648
12.665118430651194
12.621570867619045
12.593208457348943
12.593208457348943
12.593208457348943
12.415436157737297
12.315782030944177
12.847573627512727
12.593208457348943
12.593208457348943
12.593208457348943
12.37053941829505
12.593208457348943
12.593208457348943
12.593208457348943
12.886680245659296
12.98137950246601
12.593208457348943
12.593208457348943
12.593208457348943
12.593208457348943
11.708082979639995
11.708082979639995
11.708082979639995
11.67722413088763
11.73139838722805
11.708082979639995
11.752417883626249
11.708082979639995
11.708082979639995
11.47972762783019
11.708082979639995
11.191724071760891
11.953474913227481
11.708082979639995
10.086795440827684
11.708082979639995
11.708082979639995
11.57595159376009
11.708082979639995
11.708082979639995
11.708082979639995
11.201734736720285
11.708082979639995
11.708082979639995
11.708082979639995
9.329745255918636
9.329745255918636
9.335097035757956
8.914516723172783
9.329745255918636
9.188087764474853
9.329745255918636
9.329745255918636
9.581632586375472
9.329745255918636
9.535595751577299
9.039778356326797
9.329745255918636
10.69446261313698
9.329745255918636
9.333247496151278
9.492117226067544
9.329745255918636
9.329745255918636
9.329745255918636
10.06134463171732
9.329745255918636
9.329745255918636
9.329745255918636
9.329745255918636
14.324519420823922
14.324519420823922
14.23815742474328
14.324519420823922
14.324519420823922
14.328401320724547
14.324519420823918
14.324519420823922
14.324519420823922
14.324519420823922
14.324519420823922
14.258971661865615
14.363827974486314
14.324519420823922
14.324519420823922
14.324519420823924
14.36077989476014
14.324519420823922
14.324519420823922
14.324519420823922
14.357692020336078
12.316582973104216
14.324519420823922
14.324519420823922
14.324519420823922
12.326178455585906
12.391357085331244
12.326178455585906
12.326178455585906
12.32226615930984
12.314899109713668
12.326178455585906
12.326178455585906
12.326178455585906
12.326178455585906
12.326178455585906
12.326178455585906
12.326178455585906
12.326178455585906
12.326178455585913
12.289634051871076
12.326178455585906
12.326178455585906
12.326178455585906
12.29274610522626
14.281391101791293
12.326178455585906
12.326178455585906
12.326178455585906
12.326178455585906
11.49061202286492
11.530246009105399
11.49061202286492
11.533165116575045
11.480233783902783
11.49226154428377
11.434679089490814
11.49061202286492
11.49061202286492
11.51923587020629
11.493537662678929
11.49061202286492
11.49061202286492
11.490612022864921
11.788327727599116
11.523127296889406
11.259445301783915
11.41002595860092
11.628477826088771
11.521105258810113
11.49061202286492
12.54377574042129
11.49061202286492
11.49061202286492
11.49061202286492
12.856250343185499
12.91392373383269
12.818601363065182
12.92485972745476
12.91392373383269
12.91392373383269
12.91392373383269
12.949845937985762
12.83128501349007
12.865856802599453
12.91392373383269
12.92489021949562
12.91392373383269
12.61930372256007
12.913923733832693
13.236600624966098
12.929397907518346
12.700678225745682
12.882853924532778
12.91392373383269
11.884324680383566
12.91392373383269
12.91392373383269
12.91392373383269
12.91392373383269
13.223552637420728
13.278891405487476
13.222470999547514
13.223552637420728
13.273931398425063
13.239294046842671
13.223552637420724
13.223552637420728
13.053477136987697
13.223552637420728
13.060881726640666
13.223552637420728
13.223552637420728
13.223552637420728
13.223552637420728
13.223552637420728
13.34639822813572
13.357812083051153
12.723009989362058
12.651483159852578
13.504347358543628
12.059110248414374
13.223552637420728
13.223552637420728
13.223552637420728
11.658172292074628
11.696908316398968
11.696908316398968
11.659745099855375
11.59509718597472
11.696908316398968
11.696908316398968
11.696908316398968
11.696908316398968
11.800469010141546
11.696908316398968
11.696908316398968
11.696908316398968
11.696908316398968
11.696908316398968
11.421333172734483
11.60524032888156
12.102487098042168
12.186394903743315
11.482486119405099
12.758484769980726
11.696908316398968
11.696908316398968
11.696908316398968
11.696908316398968
11.070974561021915
11.05391367911932
11.070974561021915
11.089792642347787
11.059090217211475
11.070974561021915
11.173512499753352
11.070974561021915
11.070974561021915
11.070974561021915
11.070974561021915
10.799183565851719
11.070974561021915
11.070974561021915
11.020210311489361
11.070974561021915
10.853341514592236
11.070974561021915
11.070974561021915
11.070974561021915
11.05227867431137
13.11679227859431
11.070974561021915
11.070974561021915
11.070974561021915
12.213824980743054
12.186749020129398
12.067816730860136
12.190351730854356
12.186749020129398
12.186749020129394
12.186749020129398
12.186749020129398
12.186749020129398
12.186749020129398
12.747625558713384
12.186749020129398
12.186749020129398
12.22551859419202
12.186749020129398
12.559476774363167
12.186749020129398
12.186749020129398
12.186749020129398
12.222946307492876
10.402651861500422
12.186749020129398
12.186749020129398
12.186749020129398
12.186749020129398
14.285780796785293
14.285780796785293
14.285780796785293
14.160361650886756
14.273226656039501
14.285780796785293
14.285780796785291
14.285780796785293
14.285780796785293
14.274538887849262
14.492631549278123
14.285780796785293
14.17853019079176
14.32179359910298
14.285780796785293
14.285780796785293
14.524956333620834
14.285780796785293
14.285780796785293
14.285780796785293
14.406549172414273
13.16039768764175
14.285780796785293
14.285780796785293
14.285780796785293
13.382237655942662
13.382237655942662
13.50760394232678
13.395616438123753
13.405154895574421
13.38223765594266
13.382237655942657
13.382237655942662
13.39133328838522
13.213110402110962
13.382237655942662
13.49653321192161
13.38223765594266
13.382237655942662
13.382237655942658
13.192413860169795
13.382237655942662
13.382237655942662
13.382237655942662
13.279708697623697
14.581543589530034
13.382237655942662
13.382237655942662
13.382237655942662
13.382237655942662
12.10947248681689
12.10947248681689
12.10947248681689
12.10947248681689
12.098957588214487
12.023124975479172
12.10947248681688
12.10947248681689
12.10947248681689
12.214584886228234
12.10947248681689
12.534360741311104
12.10947248681689
12.109472486816893
12.071869537016534
12.10947248681689
11.916859906412668
12.08788560932116
12.10947248681689
12.228949388813604
11.936972052207281
11.120395402195033
12.10947248681689
12.10947248681689
12.10947248681689
11.296304627446002
11.296304627446002
11.296304627446002
11.296304627446002
11.322754060364879
11.296304627446002
11.296304627446002
11.264556732035098
11.084948199503001
11.296304627446002
10.863939088110591
11.296304627446002
11.296304627446002
11.340870648568204
11.296304627446002
11.299846181355027
11.314501671788868
11.296304627446002
11.212465109760355
11.484120822988219
12.328329082852296
11.296304627446002
11.296304627446002
11.296304627446002
11.296304627446002
11.543827805659557
11.551375633510654
11.543827805659557
11.572789807513127
11.504157693398087
11.577179100627964
11.54382780565956
11.543827805659557
11.54382780565956
11.543827805659557
11.543827805659557
10.792990727115788
11.543827805659557
11.543827805659557
12.198188033092368
11.526924334930424
11.3855760119467
11.464637434562373
11.918194321362883
11.495387676494275
11.572186432659867
11.913093329292552
11.543827805659557
11.543827805659557
11.543827805659557
11.821444859443318
11.829780618005465
11.79989673822405
11.86561033520143
11.829780618005465
11.829780618005469
11.829780618005465
11.829780618005465
11.829780618005465
11.829780618005465
12.672374303394033
11.829780618005465
11.811049491761827
11.251047269316937
11.829780618005469
11.998573233998892
11.89891938515506
11.452303578003955
11.896107126222608
11.804699504453549
11.503192503251366
11.829780618005465
11.829780618005465
11.829780618005465
11.829780618005465
9.89492727342663
9.89492727342663
9.89492727342663
9.89492727342663
10.081686444537347
9.890696305866628
9.960887922861557
9.89492727342663
9.89492727342663
9.863240294903761
9.89492727342663
10.600717860814262
10.070823045488783
9.89492727342663
9.89492727342663
9.899481077701385
10.340681279211783
9.89492727342663
9.89492727342663
10.556193269534813
9.89492727342663
10.580168618378378
9.89492727342663
9.89492727342663
9.89492727342663
12.264540952248348
12.264540952248348
12.264540952248348
12.252081009035086
12.327947722341158
12.24579977155221
12.264540952248348
12.264540952248359
12.283833344063966
12.264540952248348
11.417489041626977
12.077274116871667
12.264540952248348
12.264540952248348
12.235901703410791
12.169680870686763
12.264540952248348
12.264540952248348
11.673598965096089
12.264540952248348
11.752589918742988
12.264540952248348
12.264540952248348
12.264540952248348
12.264540952248348
13.26850434403506
13.20665307783353
13.209246995351736
13.26850434403506
13.258162080528349
13.26850434403506
13.268504344035064
13.26850434403506
13.26850434403506
13.26850434403506
12.976256833271007
13.462913477752846
13.26850434403506
13.26850434403506
12.556696235859459
13.26850434403506
13.054106189598356
13.26850434403506
13.26850434403506
13.26850434403506
13.27813677354233
12.277171303301524
13.26850434403506
13.26850434403506
13.26850434403506
11.049237627273572
11.058272580988497
10.999820107532509
11.00006435606776
10.999820107532509
10.999820107532509
10.999820107532509
10.999820107532509
10.999820107532509
11.245103883548639
10.984654019237146
10.999820107532509
11.038075116300918
11.737230613773995
10.999820107532509
11.208387209649654
10.999820107532509
10.999820107532509
10.999820107532509
10.999820107532509
12.022943172547988
10.999820107532509
10.999820107532509
10.999820107532509
10.999820107532509
11.900816618985782
11.978565024036085
11.900816618985782
11.900816618985782
11.887879179312161
11.75937662598024
11.900816618985788
11.900816618985782
11.900816618985782
11.900816618985782
12.21197824056225
11.805817302708771
11.85552581055164
11.900816618985782
11.900816618985782
11.900816618985782
12.168204484664535
11.963800628257008
11.900816618985782
11.900816618985782
11.900816618985782
13.899522532303916
11.900816618985782
11.900816618985782
11.900816618985782
14.041773861435043
14.123284516653996
14.123284516653996
14.134498276152092
14.215371018463879
14.123284516653998
14.123284516653996
14.123284516653996
14.123284516653996
13.800196116362567
14.356764366758913
14.205429111851279
14.123284516653996
14.288376989410759
14.123284516653996
13.77485951643884
14.048086877861444
14.123284516653996
14.123284516653996
14.123284516653996
12.342924384799312
14.123284516653996
14.123284516653996
14.123284516653996
14.123284516653996
11.976897914079142
12.015313573377126
11.981832731866593
12.039372366502441
11.934948333282678
11.976897914079142
12.023361122692998
11.976897914079142
11.976897914079142
11.976897914079142
11.74485066400991
11.976897914079142
11.976897914079142
11.976897914079139
11.976897914079142
11.976897914079142
11.976897914079142
11.933357636218606
11.976897914079142
11.805887495825237
12.036966062089359
12.46973582951157
11.976897914079142
11.976897914079142
11.976897914079142
12.078885887319325
12.112444423990517
12.026935294681062
12.169937721442311
12.144043841189479
12.10279878790938
12.117118675729591
12.117118675729591
12.117118675729591
12.330283590010342
12.11776619461846
12.117118675729591
12.117118675729587
12.13089349083261
12.117118675729591
12.117118675729591
12.143801064447763
12.117118675729591
12.258983337284326
12.071453791063165
11.69070530436023
12.117118675729591
12.117118675729591
12.117118675729591
12.117118675729591
13.020135553009736
13.020135553009736
13.020135553009736
13.020135553009736
13.034189817493242
13.020135553009736
13.020135553009734
13.020135553009736
13.017244234428961
13.020135553009736
13.432866461081078
13.090584158437938
13.235209333837421
12.964474064582694
13.096612957678943
13.020135553009736
13.06827718102707
13.020135553009736
13.020135553009736
13.020135553009736
13.020135553009736
13.367559619279175
13.020135553009736
13.020135553009736
13.020135553009736
14.530562433364295
14.530562433364295
14.530562433364295
14.51087121528498
14.450158028177093
14.530562433364297
14.530562433364295
14.530562433364295
14.530562433364295
13.979438491880293
14.31147086446837
14.229942283164373
14.535351709538114
14.275165965394066
14.530562433364295
14.398128730967862
14.530562433364295
14.530562433364295
14.530562433364295
14.530562433364295
14.086455987144712
14.530562433364295
14.530562433364295
14.530562433364295
14.530562433364295
11.883126671103625
11.803969006665074
11.883126671103625
11.883126671103625
11.883126671103625
11.941944202082537
11.883126671103632
11.883126671103625
11.883126671103625
11.91576936164128
11.944717964549138
12.653847544724647
11.897616835888195
11.883126671103625
11.26750968070949
11.883126671103625
11.905112238166984
11.812028619065627
11.883126671103625
11.883126671103625
11.954043796087563
12.25451756756404
11.883126671103625
11.883126671103625
11.883126671103625
12.519367251299478
12.435839182921791
12.435839182921791
12.433336172896901
12.377842458030965
12.435839182921796
12.435839182921791
12.435839182921791
12.349309310337443
12.35995387856869
11.750139246255344
12.412428769877447
12.435839182921791
13.298977827064093
12.435839182921791
12.41885885850734
12.45575233600934
12.435839182921791
12.435839182921791
12.366987455982532
12.05374683277809
12.435839182921791
12.435839182921791
12.435839182921791
12.435839182921791
12.642873715542224
12.650591482259133
12.642873715542224
12.598011389820394
12.659938291948405
12.642873715542224
12.64287371554222
12.642873715542224
12.702238475014337
12.642873715542224
12.642873715542224
11.867118197609127
12.475812559675852
12.642873715542224
13.433112284096179
12.642873715542224
12.749801962279879
12.644761116558621
12.354646201881462
13.489454439836484
12.642873715542224
9.682036646645285
12.642873715542224
12.642873715542224
12.642873715542224
10.342613293639035
10.342613293639035
10.368320163032706
10.215372101523835
10.342122395618608
10.429620077656402
10.342613293639035
10.342613293639035
10.342613293639035
10.342613293639035
11.3016137677618
10.5703041153227
10.342613293639035
9.642486766872736
10.342613293639035
10.153253279672864
10.342613293639035
10.687421351466588
9.295159995278508
10.342613293639035
12.944786387081562
10.342613293639035
10.342613293639035
10.342613293639035
10.342613293639035
10.596287413459057
10.596287413459057
10.596287413459057
10.596287413459057
10.790397811778861
10.596287413459056
10.728038572172688
10.596287413459057
10.596287413459057
10.606714124692708
11.044750155902769
10.93416914652674
10.596287413459057
10.596287413459057
10.86724771246129
10.599062674994133
10.476565708344081
10.596287413459057
10.596287413459057
9.976952708111646
10.596287413459057
11.92179166478812
10.596287413459057
10.596287413459057
10.596287413459057
12.276593686114929
12.276593686114929
12.276593686114929
12.266465450420023
12.276593686114929
12.276593686114927
12.276593686114929
12.276593686114929
12.267082306603772
12.024320340377924
11.828574774022078
12.276593686114929
12.284134953656004
11.941960014038578
12.276593686114937
12.369007549845142
12.276593686114929
12.276593686114929
12.963127918038268
12.276593686114929
11.0760292504893
12.276593686114929
12.276593686114929
12.276593686114929
12.276593686114929
12.985918939913606
12.924279362271752
12.985918939913606
12.916520233678046
12.946901056049635
13.172071754813802
12.985918939913605
12.985918939913606
12.985918939913601
12.962393219111195
12.87921538433053
12.985918939913606
12.985918939913606
12.985918939913606
11.839516604402608
12.985918939913606
12.971998178444922
12.985918939913606
12.985918939913606
13.544029784109355
12.737615626734847
10.914488354987148
12.985918939913606
12.985918939913606
12.985918939913606
4.505136387845305
4.505136387845305
4.724709376807229
6.417410707603687
4.505136387845304
4.505136387845305
4.505136387845305
4.505136387845305
4.505136387845305
4.505136387845305
4.505136387845305
4.505136387845305
4.505136387845305
6.3100961423076924
4.505136387845305
4.505136387845305
4.505136387845305
4.505136387845305
4.505136387845305
5.492441745266272
11.807294175922967
9.327356385090969
4.505136387845305
4.505136387845305
4.505136387845305
11.136858494007031
11.136858494007031
11.136858494007031
11.136858494007031
11.135141559440452
11.044244146750039
11.136858494007027
11.136858494007031
11.136858494007031
11.136858494007031
10.630797477344652
10.8402533708517
11.183887569989304
11.136858494007031
12.144454749647826
11.130979941243652
11.086720304807104
11.136858494007031
11.408727081861501
11.136858494007031
11.24067141501637
10.794320284647222
11.136858494007031
11.136858494007031
11.136858494007031
11.309557212413662
11.309557212413662
11.309557212413662
11.310225238737951
11.392084967311154
11.30955721241366
11.309557212413662
11.309557212413662
11.309557212413662
11.712823555032557
11.693119118197242
11.262731268393111
11.309557212413662
10.140072147668425
11.309557212413662
11.36907142044094
11.309557212413662
11.02475062286709
11.309557212413662
11.181673424324561
11.644028242762815
11.309557212413662
11.309557212413662
11.309557212413662
11.309557212413662
14.673174809672677
14.70586383717075
14.673174809672677
14.671929608932455
14.67110962596543
14.54835472843155
14.673174809672672
14.673174809672677
14.673174809672677
14.673174809672677
14.673174809672677
14.673174809672677
14.673174809672677
14.673174809672677
13.995188866352715
14.673174809672677
14.61391301710188
14.645339725542478
14.673174809672677
14.673174809672677
14.55014085357528
14.285279443729312
14.673174809672677
1.46484375
14.673174809672677
1.46484375
1.46484375
1.46484375
1.46484375
1.46484375
1.46484375
1.46484375
1.46484375
1.46484375
1.46484375
1.46484375
1.46484375
1.46484375
1.46484375
1.46484375
1.46484375
1.46484375
1.46484375
1.46484375
1.46484375
1.46484375
1.46484375
13.460645200527072
1.46484375
1.46484375
9.127753611079765
9.162818691997948
9.127753611079765
9.127753611079765
8.923875212516029
9.127753611079765
9.22994327509618
9.127753611079765
9.127753611079765
9.127753611079765
9.127753611079765
9.127753611079765
8.999667655955609
9.127753611079765
10.949269099193359
9.127753611079765
9.289700950439443
9.127753611079765
9.127753611079765
9.127753611079765
9.721454163104672
10.617295104723137
9.127753611079765
9.127753611079765
9.127753611079765
12.235173272904591
12.355313779220777
12.24958747959936
12.284507611210687
12.24958747959936
12.249587479599366
12.24958747959936
12.24958747959936
12.24958747959936
12.24958747959936
12.24958747959936
12.388548118003946
12.24958747959936
11.023475212674274
12.24958747959936
12.072244837096498
12.24958747959936
12.24958747959936
12.24958747959936
11.997682058576705
11.414952397619462
12.24958747959936
12.24958747959936
12.24958747959936
12.24958747959936
12.919368864303102
12.919368864303102
12.919368864303102
12.919368864303102
12.96825244874249
12.853061231785597
12.919368864303097
12.919368864303102
12.919368864303099
12.919368864303102
12.91532824593542
12.919368864303102
13.111680740807552
12.919368864303102
11.98616130983188
12.919368864303097
13.049619452003892
12.844102405516795
12.919368864303102
13.223403914213463
12.919368864303102
13.67235036681811
12.919368864303102
12.919368864303102
12.919368864303102
13.045870422396572
13.045870422396572
13.045870422396572
12.99811807956887
13.195479562168474
13.045870422396577
13.045870422396572
13.045870422396572
13.045870422396572
13.04981753461721
13.045870422396572
12.862532394410565
13.045870422396572
14.121537784870316
13.045870422396579
13.024664357727064
13.11939509912823
13.045870422396572
12.779084114203027
13.045870422396572
12.276443043852082
13.045870422396572
13.045870422396572
13.045870422396572
13.045870422396572
