.4755950327699207
0
0
.21429803380476015
0
.06200413935839946
0
.06200413935839946
0
.06200413935839946
0
.06200413935839946
0
.7022249051397034
0
.7022249051397034
0
.6504829251466023
0
.6504829251466023
0
0
0
.10037944118661607
0
0
.6278889272162814
0
.6278889272162814
.036219385995170744
0
0
0
.036219385995170744
.018627112797516384
0
.018627112797516384
0
0
.018627112797516384
.5916695412211107
.5916695412211107
.03311486719558465
.03311486719558465
0
.03311486719558467
0
0
.02173163159710242
0
0
0
.012418075198344265
0
.01241807519834424
0
-26020852139650726e-33
-26020852139650726e-33
0
0
.4011728182131771
0
.4011728182131771
0
0
.5377716453949637
0
0
0
1
0
0
0
0
.26879958606416
0
0
0
.3759917212832012
0
0
.03725422559503277
0
0
0
.012418075198344265
.012418075198344265
0
.012418075198344265
0
.009313556398758192
0
0
.46567781993790963
.012418075198344265
0
0
0
0
0
-1270150798323382e-46
0
.21429803380476015
0
0
.07968264918937566
0
.010348395998620214
.014487754398068299
0
.2607795791652294
.031045187995860642
.02173163159710246
.012418075198344258
.009313556398758192
.013452914798206279
.012418075198344258
.009313556398758192
.020696791997240428
.00724387719903415
.051741979993101074
.022766471196964472
.005174197999310107
.011383235598482234
.016557433597792343
.04035874439461884
.2090375991721283
4338734978715565e-44
0
0
.21429803380476015
2834968878138011e-46
0
0
0
.0010348395998620215
.0010348395998620215
.0010348395998620215
.0010348395998620215
.0010348395998620215
.0010348395998620215
.0010348395998620215
.0010348395998620215
.0010348395998620215
.0010348395998620215
.0010348395998620215
.0010348395998620215
.0010348395998620215
.0010348395998620215
.0010348395998620215
.0010348395998620215
.0010348395998620215
.0010348395998620215
.0010348395998620215
.0010348395998620215
.0010348395998620212
.0010348395998620215
9125597744303582e-49
11596255306748874e-44
0
.0010348395998620215
0
.015522593997930321
0
.005174197999310107
0
0
0
0
0
0
0
0
0
0
.011383235598482243
0
0
0
0
0
0
0
0
0
0
0
0
0
0
0
0
0
0
0
0
0
0
0
0
0
0
3865418435582958e-44
.07140393239047947
0
0
.014487754398068299
0
1
1
0
0
0
0
.28354605036219394
0
0
8513885066433206e-32
0
0
.6898930665746809
1
0
0
0
.41566057261124534
0
.5377716453949637
0
0
0
0
0
0
0
